flow_id,src,dst,size,channel_id,chunk_id,parent_flow_id,child_flow_id
0,0,1,262144,0,0,-1,9
7,7,0,262144,0,0,-1,8
8,0,1,262144,0,1,7,17
15,7,0,262144,0,1,6,16
16,0,1,262144,0,2,15,25
23,7,0,262144,0,2,14,24
24,0,1,262144,0,3,23,33
31,7,0,262144,0,3,22,32
32,0,1,262144,0,4,31,41
39,7,0,262144,0,4,30,40
40,0,1,262144,0,5,39,49
47,7,0,262144,0,5,38,48
48,0,1,262144,0,6,47,57
55,7,0,262144,0,6,46,56
56,0,1,262144,0,7,55,65
63,7,0,262144,0,7,54,64
64,0,1,262144,0,8,63,73
71,7,0,262144,0,8,62,72
72,0,1,262144,0,9,71,81
79,7,0,262144,0,9,70,80
80,0,1,262144,0,10,79,89
87,7,0,262144,0,10,78,88
88,0,1,262144,0,11,87,97
95,7,0,262144,0,11,86,96
96,0,1,262144,0,12,95,105
103,7,0,262144,0,12,94,104
104,0,1,262144,0,13,103,-1
111,7,0,262144,0,13,102,-1
112,0,1,262144,1,0,-1,121
119,7,0,262144,1,0,-1,120
120,0,1,262144,1,1,119,129
127,7,0,262144,1,1,118,128
128,0,1,262144,1,2,127,137
135,7,0,262144,1,2,126,136
136,0,1,262144,1,3,135,145
143,7,0,262144,1,3,134,144
144,0,1,262144,1,4,143,153
151,7,0,262144,1,4,142,152
152,0,1,262144,1,5,151,161
159,7,0,262144,1,5,150,160
160,0,1,262144,1,6,159,169
167,7,0,262144,1,6,158,168
168,0,1,262144,1,7,167,177
175,7,0,262144,1,7,166,176
176,0,1,262144,1,8,175,185
183,7,0,262144,1,8,174,184
184,0,1,262144,1,9,183,193
191,7,0,262144,1,9,182,192
192,0,1,262144,1,10,191,201
199,7,0,262144,1,10,190,200
200,0,1,262144,1,11,199,209
207,7,0,262144,1,11,198,208
208,0,1,262144,1,12,207,217
215,7,0,262144,1,12,206,216
216,0,1,262144,1,13,215,-1
223,7,0,262144,1,13,214,-1
224,0,1,262144,2,0,-1,233
231,7,0,262144,2,0,-1,232
232,0,1,262144,2,1,231,241
239,7,0,262144,2,1,230,240
240,0,1,262144,2,2,239,249
247,7,0,262144,2,2,238,248
248,0,1,262144,2,3,247,257
255,7,0,262144,2,3,246,256
256,0,1,262144,2,4,255,265
263,7,0,262144,2,4,254,264
264,0,1,262144,2,5,263,273
271,7,0,262144,2,5,262,272
272,0,1,262144,2,6,271,281
279,7,0,262144,2,6,270,280
280,0,1,262144,2,7,279,289
287,7,0,262144,2,7,278,288
288,0,1,262144,2,8,287,297
295,7,0,262144,2,8,286,296
296,0,1,262144,2,9,295,305
303,7,0,262144,2,9,294,304
304,0,1,262144,2,10,303,313
311,7,0,262144,2,10,302,312
312,0,1,262144,2,11,311,321
319,7,0,262144,2,11,310,320
320,0,1,262144,2,12,319,329
327,7,0,262144,2,12,318,328
328,0,1,262144,2,13,327,-1
335,7,0,262144,2,13,326,-1
336,0,1,262144,3,0,-1,345
343,7,0,262144,3,0,-1,344
344,0,1,262144,3,1,343,353
351,7,0,262144,3,1,342,352
352,0,1,262144,3,2,351,361
359,7,0,262144,3,2,350,360
360,0,1,262144,3,3,359,369
367,7,0,262144,3,3,358,368
368,0,1,262144,3,4,367,377
375,7,0,262144,3,4,366,376
376,0,1,262144,3,5,375,385
383,7,0,262144,3,5,374,384
384,0,1,262144,3,6,383,393
391,7,0,262144,3,6,382,392
392,0,1,262144,3,7,391,401
399,7,0,262144,3,7,390,400
400,0,1,262144,3,8,399,409
407,7,0,262144,3,8,398,408
408,0,1,262144,3,9,407,417
415,7,0,262144,3,9,406,416
416,0,1,262144,3,10,415,425
423,7,0,262144,3,10,414,424
424,0,1,262144,3,11,423,433
431,7,0,262144,3,11,422,432
432,0,1,262144,3,12,431,441
439,7,0,262144,3,12,430,440
440,0,1,262144,3,13,439,-1
447,7,0,262144,3,13,438,-1
448,0,1,262144,4,0,-1,457
455,7,0,262144,4,0,-1,456
456,0,1,262144,4,1,455,465
463,7,0,262144,4,1,454,464
464,0,1,262144,4,2,463,473
471,7,0,262144,4,2,462,472
472,0,1,262144,4,3,471,481
479,7,0,262144,4,3,470,480
480,0,1,262144,4,4,479,489
487,7,0,262144,4,4,478,488
488,0,1,262144,4,5,487,497
495,7,0,262144,4,5,486,496
496,0,1,262144,4,6,495,505
503,7,0,262144,4,6,494,504
504,0,1,262144,4,7,503,513
511,7,0,262144,4,7,502,512
512,0,1,262144,4,8,511,521
519,7,0,262144,4,8,510,520
520,0,1,262144,4,9,519,529
527,7,0,262144,4,9,518,528
528,0,1,262144,4,10,527,537
535,7,0,262144,4,10,526,536
536,0,1,262144,4,11,535,545
543,7,0,262144,4,11,534,544
544,0,1,262144,4,12,543,553
551,7,0,262144,4,12,542,552
552,0,1,262144,4,13,551,-1
559,7,0,262144,4,13,550,-1
560,0,1,262144,5,0,-1,569
567,7,0,262144,5,0,-1,568
568,0,1,262144,5,1,567,577
575,7,0,262144,5,1,566,576
576,0,1,262144,5,2,575,585
583,7,0,262144,5,2,574,584
584,0,1,262144,5,3,583,593
591,7,0,262144,5,3,582,592
592,0,1,262144,5,4,591,601
599,7,0,262144,5,4,590,600
600,0,1,262144,5,5,599,609
607,7,0,262144,5,5,598,608
608,0,1,262144,5,6,607,617
615,7,0,262144,5,6,606,616
616,0,1,262144,5,7,615,625
623,7,0,262144,5,7,614,624
624,0,1,262144,5,8,623,633
631,7,0,262144,5,8,622,632
632,0,1,262144,5,9,631,641
639,7,0,262144,5,9,630,640
640,0,1,262144,5,10,639,649
647,7,0,262144,5,10,638,648
648,0,1,262144,5,11,647,657
655,7,0,262144,5,11,646,656
656,0,1,262144,5,12,655,665
663,7,0,262144,5,12,654,664
664,0,1,262144,5,13,663,-1
671,7,0,262144,5,13,662,-1
672,0,1,262144,6,0,-1,681
679,7,0,262144,6,0,-1,680
680,0,1,262144,6,1,679,689
687,7,0,262144,6,1,678,688
688,0,1,262144,6,2,687,697
695,7,0,262144,6,2,686,696
696,0,1,262144,6,3,695,705
703,7,0,262144,6,3,694,704
704,0,1,262144,6,4,703,713
711,7,0,262144,6,4,702,712
712,0,1,262144,6,5,711,721
719,7,0,262144,6,5,710,720
720,0,1,262144,6,6,719,729
727,7,0,262144,6,6,718,728
728,0,1,262144,6,7,727,737
735,7,0,262144,6,7,726,736
736,0,1,262144,6,8,735,745
743,7,0,262144,6,8,734,744
744,0,1,262144,6,9,743,753
751,7,0,262144,6,9,742,752
752,0,1,262144,6,10,751,761
759,7,0,262144,6,10,750,760
760,0,1,262144,6,11,759,769
767,7,0,262144,6,11,758,768
768,0,1,262144,6,12,767,777
775,7,0,262144,6,12,766,776
776,0,1,262144,6,13,775,-1
783,7,0,262144,6,13,774,-1
784,0,1,262144,7,0,-1,793
791,7,0,262144,7,0,-1,792
792,0,1,262144,7,1,791,801
799,7,0,262144,7,1,790,800
800,0,1,262144,7,2,799,809
807,7,0,262144,7,2,798,808
808,0,1,262144,7,3,807,817
815,7,0,262144,7,3,806,816
816,0,1,262144,7,4,815,825
823,7,0,262144,7,4,814,824
824,0,1,262144,7,5,823,833
831,7,0,262144,7,5,822,832
832,0,1,262144,7,6,831,841
839,7,0,262144,7,6,830,840
840,0,1,262144,7,7,839,849
847,7,0,262144,7,7,838,848
848,0,1,262144,7,8,847,857
855,7,0,262144,7,8,846,856
856,0,1,262144,7,9,855,865
863,7,0,262144,7,9,854,864
864,0,1,262144,7,10,863,873
871,7,0,262144,7,10,862,872
872,0,1,262144,7,11,871,881
879,7,0,262144,7,11,870,880
880,0,1,262144,7,12,879,889
887,7,0,262144,7,12,878,888
888,0,1,262144,7,13,887,-1
895,7,0,262144,7,13,886,-1
